11111100010101111011
00010100101100110110
00100100111100100010
10111101110000011111
00000011010011000011
01111011110110100101
00000001110001001000
01100101111001011110
00100000000110101000
01011010010000110010
10011000011101100101
01001100011110011110
11111010101001101000
11101000110100111100
00000111100100111101
10101011010011111101
01000011010100100111
01001010011101110101
11111100110111010010
10010110011000001001
01010001010010101000
01010010010011100011
01111011101111111100
01110000010010101011
00010111100111010010
00111010111110101101
10101110001000010001
01101011110011100100
10001011111011011000
11101010001010010100
